996 1612 838 355 452 797 1782 1599 1265 1309 1963 37 673 1051 184 0
1181 1030 3779 3865 4086 2506 446 1312 2171 3008 203 0
4689 2885 4234 8038 4303 6039 3034 3239 4241 8093 281 3899 48 2972 0
241 173 99 49 153 84 49 54 112 131 189 44 143 155 231 0
6828 1835 7881 2521 7901 14358 0
1865 302 975 560 280 1171 437 1659 1957 829 833 579 0
2943 420 1443 3640 2707 3916 3230 3243 3735 840 3702 0
396 276 32 877 184 183 340 464 322 0
509 3516 289 2173 576 2719 594 3518 3139 2037 3062 1749 1856 2195 0
759 126 776 103 521 27 134 0
158 357 338 319 307 167 383 235 203 0