7434262 3816459 7688073
6433690 9273408 -7651851
6756888 4823271 3786576
-8923243 -2008497 1379094
-2678884 -3570532 8816051
3788390 467928 9832468
8459865 -706975 3444056
7800173 -3186970 -2827626
-477787 -2988950 -6276430
-6241371 9165656 -6707236
-1642527 6599919 7109223
-3954453 3033610 6382631
-1606305 -209502 1205903
-7819729 867254 9197405
3559365 8188370 -4373127
2375416 1976761 6094801
2207885 436626 -4612174
-4348058 -1763200 2200856
2824315 7759012 9211905
6547884 -8482358 8377562
9840647 -124885 4977481
6949870 5920661 -1988909